{"labels":["Fever (finding)","Cough (finding)","Loss of taste (finding)","Fatigue (finding)","Body mass index 30+ - obesity (finding)","Sputum finding (finding)","Prediabetes","Anemia (disorder)","Hypertension","Pneumonia (disorder)","Hypoxemia (disorder)","Respiratory distress (finding)","Chronic sinusitis (disorder)","Wheezing (finding)"],"matrix":[[0,5513,4168,3114,3099,2625,2404,2141,2026,1726,1726,1726,1618,1615],[5513,0,3190,2396,2400,1993,1870,1660,1566,1321,1321,1321,1239,1254],[4168,3190,0,1830,1783,1528,1399,1273,1141,975,975,975,957,925],[3114,2396,1830,0,1327,1205,1044,948,895,738,738,738,683,711],[3099,2400,1783,1327,0,1153,1075,933,1025,900,900,900,907,716],[2625,1993,1528,1205,1153,0,915,836,733,641,641,641,563,610],[2404,1870,1399,1044,1075,915,0,2123,904,769,769,769,698,597],[2141,1660,1273,948,933,836,2123,0,857,706,706,706,614,536],[2026,1566,1141,895,1025,733,904,857,0,766,766,766,521,516],[1726,1321,975,738,900,641,769,706,766,0,1867,1867,509,710],[1726,1321,975,738,900,641,769,706,766,1867,0,1867,509,710],[1726,1321,975,738,900,641,769,706,766,1867,1867,0,509,710],[1618,1239,957,683,907,563,698,614,521,509,509,509,0,385],[1615,1254,925,711,716,610,597,536,516,710,710,710,385,0]]}